%YAML:1.0
---
CameraExtrinsicMat: !!opencv-matrix
   rows: 4
   cols: 4
   dt: d
   data: [ -7.8374538629715218e-03, 3.2123888403137957e-02,
       9.9945316554144159e-01, 2.4591188107371688e-02,
       -9.9989594862312836e-01, -1.2356463781987514e-02,
       -7.4437712121165900e-03, 5.2250311115857970e-02,
       1.2110583966089272e-02, -9.9940751127688998e-01,
       3.2217389083120107e-02, -1.2349130148049976e-01, 0., 0., 0., 1. ]
CameraMat: !!opencv-matrix
   rows: 3
   cols: 3
   dt: d
   data: [ 6.4024779420373522e+02, 0., 3.2281550279496986e+02, 0.,
       6.4522034945295889e+02, 2.2752932927975993e+02, 0., 0., 1. ]
DistCoeff: !!opencv-matrix
   rows: 1
   cols: 5
   dt: d
   data: [ 1.8258385794123813e-01, -2.3335902737552039e-01,
       -1.7740505779890583e-02, 5.4724344528885461e-03,
       6.5565298479168155e-01 ]
ImageSize: [ 640, 480 ]
ReprojectionError: 9.9282829873072109e-01
